0 0.492708 0.049428 0.080549 0.026545
1 0.469825 0.084211 0.094584 0.012815
4 0.455221 0.215340 0.120104 0.008473
4 0.454627 0.243211 0.118915 0.008919
4 0.446600 0.271527 0.100483 0.009365
4 0.420736 0.298060 0.051133 0.008027
4 0.432330 0.324816 0.074322 0.007135
4 0.455518 0.352910 0.118320 0.007135
4 0.435303 0.380111 0.080268 0.008919
4 0.455816 0.407090 0.121293 0.007581
4 0.451059 0.433400 0.105834 0.007581
4 0.455221 0.458818 0.107023 0.006689
4 0.437978 0.484905 0.074916 0.006243
4 0.470026 0.512152 0.134968 0.010256
4 0.480134 0.539576 0.152806 0.009810
4 0.444757 0.568116 0.084430 0.008027
5 0.412947 0.234337 0.005351 0.006689
5 0.412650 0.261538 0.005946 0.008473
5 0.412352 0.289186 0.006540 0.009365
5 0.412947 0.317503 0.005351 0.007135
5 0.412352 0.343590 0.005351 0.007581
5 0.412055 0.371014 0.004757 0.008919
5 0.412352 0.397547 0.005351 0.007581
5 0.413244 0.424749 0.004757 0.008473
5 0.415622 0.449721 0.008324 0.008473
5 0.417703 0.476254 0.006540 0.008027
5 0.419190 0.503456 0.007135 0.008919
5 0.419784 0.531327 0.003567 0.006689
5 0.419190 0.559420 0.007135 0.007581
5 0.420379 0.586399 0.004757 0.008027