4 0.430411 0.428094 0.102476 0.006243
4 0.433795 0.434114 0.111176 0.007581
4 0.424611 0.440357 0.094742 0.004905
4 0.430895 0.446154 0.105376 0.008473
4 0.414943 0.453958 0.065739 0.007135
4 0.404793 0.459309 0.051238 0.007135
4 0.419777 0.465329 0.081207 0.005797
4 0.402376 0.471795 0.044471 0.007135
4 0.438145 0.477592 0.121811 0.006243
4 0.421711 0.484727 0.085074 0.008027
4 0.411076 0.491862 0.061872 0.007135
5 0.371440 0.427871 0.011601 0.004905
5 0.372406 0.433668 0.009668 0.007581
5 0.372406 0.439688 0.011601 0.007135
5 0.371923 0.446600 0.012568 0.007581
5 0.373373 0.452397 0.013535 0.007581
5 0.372890 0.459086 0.010634 0.006689
5 0.372406 0.465329 0.013535 0.006689
5 0.371440 0.471572 0.011601 0.007581
5 0.373373 0.477592 0.009668 0.006243
5 0.373857 0.484727 0.012568 0.006243
0 0.451680 0.369454 0.232020 0.010256
2 0.376273 0.691639 0.065739 0.010702
1 0.437662 0.694091 0.053171 0.007581
3 0.447330 0.707246 0.211718 0.010702