0 0.514519 0.290970 0.233954 0.028094
3 0.500501 0.313489 0.165314 0.030323
4 0.443946 0.398216 0.191417 0.011594
4 0.394642 0.409810 0.098609 0.009810
4 0.398509 0.419844 0.106343 0.011148
4 0.421711 0.431215 0.156614 0.009810
4 0.398992 0.441472 0.111176 0.010702
4 0.391258 0.450390 0.101509 0.010702
4 0.420744 0.459978 0.162414 0.012040
4 0.410593 0.471572 0.138245 0.011148
5 0.334220 0.399108 0.018368 0.010702
5 0.334703 0.409588 0.011601 0.010256
5 0.329386 0.471349 0.012568 0.011594
5 0.328419 0.460424 0.014501 0.009365
5 0.329386 0.449944 0.012568 0.009810
5 0.329869 0.439465 0.019335 0.011148
5 0.330836 0.429654 0.013535 0.007581
5 0.332286 0.420290 0.018368 0.008473
2 0.398509 0.345596 0.073473 0.013378
1 0.548838 0.336678 0.118910 0.016945